Header (2)  7
BgnLib (2)  122, 11, 19, 12, 32, 22, 2020, 3, 5, 1, 57, 41
   LibName (6)  'NangateOpenCellLibrary'
   Units (5)  1.000000E-04, 1.000000E-10
   BgnStr (2)  2020, 3, 5, 1, 57, 41, 2020, 3, 5, 1, 57, 41
      StrName (6)  'ANTENNA_X1' 
      Boundary (0)  
         Layer (2)  235
         Unknown (0x0E02) (2)  0
         XY (3)  0, 0, 1900, 0, 1900, 14000, 0, 14000, 0, 0
      EndEl (0)  
      Boundary (0)  
         Layer (2)  11
         Unknown (0x0E02) (2)  0
         XY (3)  600, 4200, 1300, 4200, 1300, 7500, 600, 7500, 600, 4200
      EndEl (0)  
      Boundary (0)  
         Layer (2)  11
         Unknown (0x0E02) (2)  0
         XY (3)  0, -850, 1900, -850, 1900, 850, 0, 850, 0, -850
      EndEl (0)  
      Boundary (0)  
         Layer (2)  11
         Unknown (0x0E02) (2)  0
         XY (3)  0, 13150, 1900, 13150, 1900, 14850, 0, 14850, 0, 13150
      EndEl (0)  
      Boundary (0)  
         Layer (2)  10
         Unknown (0x0E02) (2)  0
         XY (3)  600, 4550, 1250, 4550, 1250, 5200, 600, 5200, 600, 4550
      EndEl (0)  
      Boundary (0)  
         Layer (2)  10
         Unknown (0x0E02) (2)  0
         XY (3)  600, 6500, 1250, 6500, 1250, 7150, 600, 7150, 600, 6500
      EndEl (0)  
      Boundary (0)  
         Layer (2)  1
         Unknown (0x0E02) (2)  0
         XY (3)  550, 4350, 1450, 4350, 1450, 5250, 550, 5250, 550, 4350
      EndEl (0)  
      Boundary (0)  
         Layer (2)  1
         Unknown (0x0E02) (2)  0
         XY (3)  550, 6450, 1450, 6450, 1450, 7350, 550, 7350, 550, 6450
      EndEl (0)  
      Boundary (0)  
         Layer (2)  5
         Unknown (0x0E02) (2)  0
         XY (3)  -250, 5900, 2150, 5900, 2150, 14250, -250, 14250, -250, 5900
      EndEl (0)  
      Boundary (0)  
         Layer (2)  4
         Unknown (0x0E02) (2)  0
         XY (3)  -250, -250, 2150, -250, 2150, 5900, -250, 5900, -250, -250
      EndEl (0)  
      Boundary (0)  
         Layer (2)  2
         Unknown (0x0E02) (2)  0
         XY (3)  -1150, -1150, 3050, -1150, 3050, 5900, -1150, 5900, -1150, -1150
      EndEl (0)  
      Boundary (0)  
         Layer (2)  3
         Unknown (0x0E02) (2)  0
         XY (3)  -1150, 5900, 3050, 5900, 3050, 15150, -1150, 15150, -1150, 5900
      EndEl (0)  
   EndStr (0)  
   BgnStr (2)  2020, 3, 5, 1, 57, 41, 2020, 3, 5, 1, 57, 41
      StrName (6)  'LOGIC0_X1'    
      Boundary (0)  
         Layer (2)  235
         Unknown (0x0E02) (2)  0
         XY (3)  0, 0, 3800, 0, 3800, 14000, 0, 14000, 0, 0
      EndEl (0)  
      Boundary (0)  
         Layer (2)  11
         Unknown (0x0E02) (2)  0
         XY (3)  600, 1500, 1300, 1500, 1300, 8400, 600, 8400, 600, 1500
      EndEl (0)  
      Boundary (0)  
         Layer (2)  11
         Unknown (0x0E02) (2)  0
         XY (3)  600, 9750, 1800, 9750, 1800, 12500, 600, 12500, 600, 9750
      EndEl (0)  
      Boundary (0)  
         Layer (2)  11
         Unknown (0x0E02) (2)  0
         XY (3)  0, -850, 3800, -850, 3800, 850, 3100, 850, 3100, 2850, 2400, 2850, 2400, 850, 0, 850, 0, -850
      EndEl (0)  
      Boundary (0)  
         Layer (2)  11
         Unknown (0x0E02) (2)  0
         XY (3)  0, 13150, 2450, 13150, 2450, 11150, 3150, 11150, 3150, 13150, 3800, 13150, 3800, 14850, 0, 14850, 0, 13150
      EndEl (0)  
      Boundary (0)  
         Layer (2)  10
         Unknown (0x0E02) (2)  0
         XY (3)  600, 1850, 1250, 1850, 1250, 2500, 600, 2500, 600, 1850
      EndEl (0)  
      Boundary (0)  
         Layer (2)  10
         Unknown (0x0E02) (2)  0
         XY (3)  600, 11500, 1250, 11500, 1250, 12150, 600, 12150, 600, 11500
      EndEl (0)  
      Boundary (0)  
         Layer (2)  10
         Unknown (0x0E02) (2)  0
         XY (3)  1150, 10100, 1800, 10100, 1800, 10750, 1150, 10750, 1150, 10100
      EndEl (0)  
      Boundary (0)  
         Layer (2)  10
         Unknown (0x0E02) (2)  0
         XY (3)  2450, 1850, 3100, 1850, 3100, 2500, 2450, 2500, 2450, 1850
      EndEl (0)  
      Boundary (0)  
         Layer (2)  10
         Unknown (0x0E02) (2)  0
         XY (3)  2450, 11500, 3100, 11500, 3100, 12150, 2450, 12150, 2450, 11500
      EndEl (0)  
      Boundary (0)  
         Layer (2)  9
         Unknown (0x0E02) (2)  0
         XY (3)  1100, 10050, 1600, 10050, 1600, 1150, 2100, 1150, 2100, 12850, 1600, 12850, 1600, 10800, 1100, 10800, 1100, 10050
      EndEl (0)  
      Boundary (0)  
         Layer (2)  1
         Unknown (0x0E02) (2)  0
         XY (3)  550, 1650, 3150, 1650, 3150, 2550, 550, 2550, 550, 1650
      EndEl (0)  
      Boundary (0)  
         Layer (2)  1
         Unknown (0x0E02) (2)  0
         XY (3)  550, 11450, 3150, 11450, 3150, 12350, 550, 12350, 550, 11450
      EndEl (0)  
      Boundary (0)  
         Layer (2)  5
         Unknown (0x0E02) (2)  0
         XY (3)  -250, 5900, 4050, 5900, 4050, 14250, -250, 14250, -250, 5900
      EndEl (0)  
      Boundary (0)  
         Layer (2)  4
         Unknown (0x0E02) (2)  0
         XY (3)  -250, -250, 4050, -250, 4050, 5900, -250, 5900, -250, -250
      EndEl (0)  
      Boundary (0)  
         Layer (2)  2
         Unknown (0x0E02) (2)  0
         XY (3)  -1150, -1150, 4950, -1150, 4950, 5900, -1150, 5900, -1150, -1150
      EndEl (0)  
      Boundary (0)  
         Layer (2)  3
         Unknown (0x0E02) (2)  0
         XY (3)  -1150, 5900, 4950, 5900, 4950, 15150, -1150, 15150, -1150, 5900
      EndEl (0)  
   EndStr (0)  
   BgnStr (2)  2020, 3, 5, 1, 57, 41, 2020, 3, 5, 1, 57, 41
      StrName (6)  'WELLTAP_X1'  
      Boundary (0)  
         Layer (2)  235
         Unknown (0x0E02) (2)  0
         XY (3)  0, 0, 3800, 0, 3800, 14000, 0, 14000, 0, 0
      EndEl (0)  
      Boundary (0)  
         Layer (2)  11
         Unknown (0x0E02) (2)  0
         XY (3)  0, 13150, 2050, 13150, 2050, 11150, 2750, 11150, 2750, 13150, 3800, 13150, 3800, 14850, 0, 14850, 0, 13150
      EndEl (0)  
      Boundary (0)  
         Layer (2)  11
         Unknown (0x0E02) (2)  0
         XY (3)  0, -850, 3800, -850, 3800, 850, 2700, 850, 2700, 2850, 2000, 2850, 2000, 850, 0, 850, 0, -850
      EndEl (0)  
      Boundary (0)  
         Layer (2)  10
         Unknown (0x0E02) (2)  0
         XY (3)  2050, 11500, 2700, 11500, 2700, 12150, 2050, 12150, 2050, 11500
      EndEl (0)  
      Boundary (0)  
         Layer (2)  10
         Unknown (0x0E02) (2)  0
         XY (3)  2050, 1850, 2700, 1850, 2700, 2500, 2050, 2500, 2050, 1850
      EndEl (0)  
      Boundary (0)  
         Layer (2)  1
         Unknown (0x0E02) (2)  0
         XY (3)  1950, 11450, 2850, 11450, 2850, 12350, 1950, 12350, 1950, 11450
      EndEl (0)  
      Boundary (0)  
         Layer (2)  1
         Unknown (0x0E02) (2)  0
         XY (3)  1950, 1650, 2850, 1650, 2850, 2550, 1950, 2550, 1950, 1650
      EndEl (0)  
      Boundary (0)  
         Layer (2)  5
         Unknown (0x0E02) (2)  0
         XY (3)  1950, 1650, 2850, 1650, 2850, 2550, 1950, 2550, 1950, 1650
      EndEl (0)  
      Boundary (0)  
         Layer (2)  4
         Unknown (0x0E02) (2)  0
         XY (3)  1950, 11450, 2850, 11450, 2850, 12350, 1950, 12350, 1950, 11450
      EndEl (0)  
      Boundary (0)  
         Layer (2)  2
         Unknown (0x0E02) (2)  0
         XY (3)  -1150, -1150, 4950, -1150, 4950, 5900, -1150, 5900, -1150, -1150
      EndEl (0)  
      Boundary (0)  
         Layer (2)  3
         Unknown (0x0E02) (2)  0
         XY (3)  -1150, 5900, 4950, 5900, 4950, 15150, -1150, 15150, -1150, 5900
      EndEl (0)  
   EndStr (0)  
   BgnStr (2)  122, 11, 19, 12, 31, 44, 122, 11, 19, 12, 31, 44
      StrName (6)  'head_cell'
      ARef (0)  
         SName (6)  'ANTENNA_X1'
         StrAns (1)  0000
         ColRow (2)  1, 1
         XY (3)  -1000, -21000, 5000, -21000, -1000, -21000
      EndEl (0)  
      ARef (0)  
         SName (6)  'LOGIC0_X1'
         StrAns (1)  0000
         ColRow (2)  1, 1
         XY (3)  -2000, 11000, -2000, 11000, -2000, 44000
      EndEl (0)  
      ARef (0)  
         SName (6)  'WELLTAP_X1'
         StrAns (1)  0000
         ColRow (2)  2, 2
         XY (3)  -16000, -5000, 40000, -5000, -16000, -5000
      EndEl (0)  
   EndStr (0)  
EndLib (0)  
